3 0.56338355625 0.3473888578125 0.6306578625 0.353657071875 0.67524905 0.335491846875 0.7109788359375 0.30555555624999997 0.7432596515625 0.2545766671875 0.728507875 0.1990249875 0.69137008125 0.16380867187499998 0.6420123390625 0.139462425 0.5662254046874999 0.132671053125 0.49349991718749997 0.16357615625 0.47577711562499997 0.1996159625 0.48164165781249996 0.26026359375 0.5015991859375 0.3082779171875 0.56338355625 0.3473888578125
4 0.2635427 0.8642888140625 0.3596359328125 0.91455078125 0.473606978125 0.928966703125 0.6117724875 0.9131944437499999 0.677742125 0.8871430890625 0.776586784375 0.8468792625000001 0.8328553859375001 0.782772971875 0.8645290796875 0.7064208984375 0.8838148968749999 0.64677114375 0.8688306046875001 0.5241486078125 0.819834553125 0.45159427656249995 0.7274098875 0.4037930921875 0.61337425625 0.3898518875 0.514077484375 0.39090789375 0.4063843421875 0.41448877656249994 0.3168919484375 0.458201575 0.23570550156249997 0.5276072671875001 0.162514984375 0.6204485203125001 0.18068989687499998 0.7074381515625 0.20502645468749997 0.7796243328125 0.2635427 0.8642888140625
7 0.518572771875 0.61923750625 0.48237795625 0.5846315421875 0.47288359843750005 0.5535714281249999 0.38853236562500004 0.4985138421875 0.32431950625 0.504162015625 0.2679088125 0.57450745625 0.213681175 0.6494353765625 0.22206462968750001 0.7052970765625 0.2595641125 0.7503468343749999 0.2929041625 0.7725810703125 0.38133732187499997 0.755607484375 0.422324528125 0.7596280531249999 0.4466610859375 0.7273569265625001 0.5041956015625 0.7102380171875 0.5546254953124999 0.7095404734375 0.590910734375 0.6787419390625 0.5612650875 0.617823040625 0.518572771875 0.61923750625
8 0.35191127187500004 0.5073978484375 0.4168216765625 0.49823288750000005 0.468104125 0.547322590625 0.51917989375 0.6006944437499999 0.54886429375 0.5538330078125 0.5313481734375001 0.5139760812499999 0.4882037453125 0.48927137500000006 0.48751911718749996 0.407087053125 0.41387648749999995 0.4141400046875 0.4073144015625 0.4207279265625 0.35191127187500004 0.5073978484375
6 0.5171389296875 0.44111173125 0.5036530671875 0.46511889218749997 0.5281833875 0.5089867 0.5555555562500001 0.5560515875 0.572671234375 0.535299634375 0.57026858125 0.4974869015625 0.6191096234375 0.4396197609375 0.58741009375 0.4306776265625 0.5171389296875 0.44111173125
0 0.6084656078124999 0.7727360796875 0.588417659375 0.7439429875 0.5257936515625 0.72470238125 0.4117451015625 0.7517709890625001 0.2929041625 0.7875782796874999 0.25837570312499997 0.7710600359375 0.347674334375 0.8483615453125 0.43525493906249996 0.866458953125 0.5120752734375 0.8452129062499999 0.5995137859375 0.828869046875 0.6084656078124999 0.7727360796875
2 0.6853376124999999 0.79131789375 0.6311487265625 0.8016454296875001 0.59203455625 0.84814840625 0.698526371875 0.8639012890625001 0.6853376124999999 0.79131789375
2 0.721403253125 0.7171068953125 0.6419865046875 0.7306315109375 0.64839358125 0.771641321875 0.674603175 0.784226190625 0.728727471875 0.757574171875 0.721403253125 0.7171068953125
5 0.7821025546875 0.808543371875 0.7327706468749999 0.766564746875 0.687636925 0.780806284375 0.7156420515625 0.8510064015625 0.78697245 0.8484099859375 0.7821025546875 0.808543371875
2 0.8370277359375 0.6520317921875 0.8156751203124999 0.5933411609375 0.68687479375 0.6240428140625001 0.7242063484375 0.69990079375 0.7322410296874999 0.7030494328125 0.8370277359375 0.6520317921875
5 0.8272362765624999 0.73125155 0.741283275 0.712069071875 0.7322281125 0.74911644375 0.8251694781250001 0.7891671312499999 0.8272362765624999 0.73125155